index, frame, sample, time, raw[0], cal[0], raw[1], cal[1], raw[2], cal[2]
0,11,0,0.00986364,0,0,0,0,0,0
1,11,1,0.0197273,0,0,0,0,0,0
2,11,2,0.0295909,0,0,0,0,0,0
3,11,3,0.0394545,0,0,0,0,0,0
4,12,0,0.0493182,0,0,0,0,0,0
5,12,1,0.0591818,0,0,0,0,0,0
6,12,2,0.0690455,0,0,0,0,0,0
7,12,3,0.0789091,0,0,0,0,0,0
8,14,0,0.0887727,0,0,0,0,0,0
9,15,0,0.0986364,0,0,0,0,0,0
10,16,0,0.1085,0,0,0,0,0,0
11,17,0,0.118364,0,0,0,0,0,0
12,17,1,0.128227,0,0,0,0,0,0
13,18,0,0.138091,0,0,0,0,0,0
14,20,0,0.147955,0,0,0,0,0,0
15,21,0,0.157818,0,0,0,0,0,0
16,22,0,0.167682,0,0,0,0,0,0
17,22,1,0.177545,0,0,0,0,0,0
18,24,0,0.187409,0,0,0,0,0,0
19,25,0,0.197273,0,0,0,0,0,0
20,26,0,0.207136,0,0,0,0,0,0
21,27,0,0.217,0,0,0,0,0,0
22,28,0,0.226864,0,0,0,0,0,0
23,29,0,0.236727,0,0,0,0,0,0
24,30,0,0.246591,0,0,0,0,0,0
25,31,0,0.256455,0,0,0,0,0,0
26,32,0,0.266318,0,0,0,0,0,0
27,33,0,0.276182,0,0,0,0,0,0
28,34,0,0.286045,0,0,0,0,0,0
29,35,0,0.295909,0,0,0,0,0,0
30,36,0,0.305773,0,0,0,0,0,0
31,37,0,0.315636,0,0,0,0,0,0
32,38,0,0.3255,0,0,0,0,0,0
33,39,0,0.335364,0,0,0,0,0,0
34,40,0,0.345227,0,0,0,0,0,0
35,41,0,0.355091,0,0,0,0,0,0
36,42,0,0.364955,0,0,0,0,0,0
37,43,0,0.374818,0,0,0,0,0,0
38,43,1,0.384682,0,0,0,0,0,0
39,45,0,0.394545,0,0,0,0,0,0
40,46,0,0.404409,0,0,0,0,0,0
41,47,0,0.414273,0,0,0,0,0,0
42,48,0,0.424136,0,0,0,0,0,0
43,49,0,0.434,0,0,0,0,0,0
44,50,0,0.443864,0,0,0,0,0,0
45,51,0,0.453727,0,0,0,0,0,0
46,52,0,0.463591,0,0,0,0,0,0
47,53,0,0.473455,0,0,0,0,0,0
48,54,0,0.483318,0,0,0,0,0,0
49,55,0,0.493182,0,0,0,0,0,0
50,56,0,0.503045,0,0,0,0,0,0
51,57,0,0.512909,0,0,0,0,0,0
52,58,0,0.522773,0,0,0,0,0,0
53,59,0,0.532636,0,0,0,0,0,0
54,60,0,0.5425,0,0,0,0,0,0
55,61,0,0.552364,0,0,0,0,0,0
56,62,0,0.562227,0,0,0,0,0,0
57,63,0,0.572091,0,0,0,0,0,0
58,64,0,0.581955,0,0,0,0,0,0
59,65,0,0.591818,0,0,0,0,0,0.0934401
60,65,1,0.601682,0,0,0,0,0,0.261632
61,67,0,0.611545,0,0,0,0,0,0.579329
62,67,1,0.621409,0,0,0,0,0,1.00915
63,69,0,0.631273,0,0,0,0,0,1.51373
64,70,0,0.641136,0,0.0002,0,0.0202765,0,1.96224
65,71,0,0.651,0,0.0006,0,0.040553,0,2.42944
66,72,0,0.660864,1,0.0014,1,0.081106,1,2.78451
67,73,0,0.670727,2,0.0026,1,0.121659,0,2.91533
68,74,0,0.680591,4,0.0042,2,0.162212,1,3.00877
69,75,0,0.690455,6,0.006,2,0.182488,0,2.93402
70,76,0,0.700318,8,0.0082,2,0.223041,0,2.78451
71,77,0,0.710182,10,0.0106,2,0.243318,0,2.56026
72,78,0,0.720045,13,0.013,3,0.243318,1,2.56026
73,79,0,0.729909,16,0.0158,3,0.283871,0,2.48551
74,80,0,0.739773,18,0.0188,2,0.304147,-1,2.56026
75,81,0,0.749636,22,0.022,4,0.324424,2,2.57895
76,82,0,0.7595,25,0.0254,3,0.3447,-1,2.6537
77,83,0,0.769364,29,0.0294,4,0.40553,1,2.69107
78,84,0,0.779227,33,0.0334,4,0.40553,0,2.67239
79,85,0,0.789091,38,0.0378,5,0.446083,1,2.69107
80,85,1,0.798955,42,0.0424,4,0.466359,-1,2.6537
81,87,0,0.808818,47,0.0472,5,0.486636,1,2.6537
82,88,0,0.818682,52,0.0522,5,0.506912,0,2.57895
83,89,0,0.828545,57,0.0576,5,0.547465,0,2.6537
84,90,0,0.838409,63,0.0632,6,0.567742,1,2.57895
85,91,0,0.848273,69,0.069,6,0.588018,0,2.56026
86,92,0,0.858136,75,0.0752,6,0.628571,0,2.50419
87,93,0,0.868,81,0.0816,6,0.648848,0,2.41075
88,94,0,0.877864,88,0.0882,7,0.669124,1,2.37338
89,95,0,0.887727,95,0.095,7,0.689401,0,2.39207
90,95,1,0.897591,102,0.102,7,0.709677,0,2.46682
91,97,0,0.907455,109,0.1092,7,0.729954,0,2.48551
92,98,0,0.917318,116,0.1166,7,0.75023,0,2.56026
93,99,0,0.927182,124,0.1244,8,0.790783,1,2.59763
94,100,0,0.937045,132,0.1324,8,0.81106,0,2.69107
95,101,0,0.946909,141,0.1408,9,0.851613,1,2.72845
96,102,0,0.956773,149,0.1494,8,0.871889,-1,2.70976
97,103,0,0.966636,158,0.1582,9,0.892166,1,2.72845
98,104,0,0.9765,167,0.1672,9,0.912442,0,2.67239
99,105,0,0.986364,176,0.1766,9,0.952995,0,2.6537
100,106,0,0.996227,186,0.1862,10,0.973272,1,2.67239
101,107,0,1.00609,196,0.196,10,0.993548,0,2.72845
102,107,1,1.01595,206,0.2062,10,1.0341,0,2.72845
103,109,0,1.02582,216,0.2166,10,1.05438,0,2.67239
104,110,0,1.03568,227,0.2272,11,1.07465,1,2.6537
105,111,0,1.04555,238,0.2382,11,1.11521,0,2.57895
106,112,0,1.05541,249,0.2494,11,1.13548,0,2.56026
107,113,0,1.06527,261,0.2608,12,1.15576,1,2.48551
108,114,0,1.07514,272,0.2724,11,1.17604,-1,2.56026
109,115,0,1.085,284,0.2844,12,1.21659,1,2.57895
110,116,0,1.09486,296,0.2964,12,1.21659,0,2.63501
111,117,0,1.10473,309,0.3088,13,1.25714,1,2.72845
112,118,0,1.11459,321,0.3214,12,1.27742,-1,2.76583
113,119,0,1.12445,334,0.3344,13,1.31797,1,2.84058
114,120,0,1.13432,347,0.3476,13,1.33825,0,2.93402
115,121,0,1.14418,361,0.3612,14,1.3788,1,3.04615
116,122,0,1.15405,375,0.375,14,1.39908,0,3.15827
117,123,0,1.16391,389,0.389,14,1.41935,0,3.25171
118,124,0,1.17377,403,0.4034,14,1.45991,0,3.04615
119,125,0,1.18364,417,0.4182,14,1.50046,0,2.87795
120,128,0,1.1935,433,0.4332,16,1.52074,2,2.74714
121,129,0,1.20336,449,0.4488,16,1.58157,0,2.56026
122,130,0,1.21323,464,0.4646,15,1.60184,-1,2.42944
123,131,0,1.22309,481,0.4802,17,1.58157,2,2.42944
124,132,0,1.23295,496,0.496,15,1.60184,-2,2.44813
125,133,0,1.24282,511,0.5122,15,1.6424,0,2.50419
126,134,0,1.25268,528,0.5284,17,1.6424,2,2.50419
127,135,0,1.26255,545,0.545,17,1.68295,0,2.67239
128,136,0,1.27241,562,0.5622,17,1.74378,0,2.72845
129,136,1,1.28227,579,0.5796,17,1.76406,0,2.37338
130,138,0,1.29214,597,0.5972,18,1.78433,1,1.45767
131,139,0,1.302,615,0.615,18,1.80461,0,-0.448512
132,140,0,1.31186,633,0.633,18,1.82488,0,-3.40122
133,141,0,1.32173,651,0.651,18,1.82488,0,-6.93325
134,141,1,1.33159,669,0.6688,18,1.80461,0,-10.5587
135,143,0,1.34145,687,0.6856,18,1.70323,0,-13.9413
136,144,0,1.35132,704,0.7,17,1.45991,-1,-16.1464
137,145,0,1.36118,717,0.7118,13,1.19631,-4,-17.4172
138,146,0,1.37105,723,0.721,6,0.932719,-7,-17.9405
139,147,0,1.38091,728,0.7278,5,0.689401,-1,-17.7723
140,148,0,1.39077,733,0.7328,5,0.506912,0,-16.6884
141,149,0,1.40064,738,0.7376,5,0.486636,0,-15.0439
142,150,0,1.4105,742,0.7416,4,0.40553,-1,-13.3246
143,151,0,1.42036,747,0.7442,5,0.263594,1,-11.5305
144,152,0,1.43023,748,0.7452,1,0.101382,-4,-9.81121
145,153,0,1.44009,746,0.745,-2,-0.0202765,-3,-8.31617
146,154,0,1.44995,743,0.7436,-3,-0.141935,-1,-7.13882
147,155,0,1.45982,741,0.7416,-2,-0.202765,1,-5.34477
148,156,0,1.46968,740,0.7396,-1,-0.202765,1,-3.40122
149,157,0,1.47955,738,0.7378,-2,-0.182488,-1,-1.62586
150,158,0,1.48941,736,0.7362,-2,-0.162212,0,-0.37376
151,159,0,1.49927,734,0.7344,-2,-0.182488,0,0.523264
152,160,0,1.50914,733,0.7328,-1,-0.162212,1,0.840961
153,161,0,1.519,731,0.7312,-2,-0.162212,-1,0.990465
154,162,0,1.52886,730,0.7298,-1,-0.141935,1,1.02784
155,163,0,1.53873,728,0.7284,-2,-0.141935,-1,1.15866
156,164,0,1.54859,727,0.7272,-1,-0.121659,1,1.28947
157,165,0,1.55845,726,0.726,-1,-0.121659,0,1.30816
158,166,0,1.56832,725,0.7252,-1,-0.081106,0,1.30816
159,167,0,1.57818,724,0.7244,-1,-0.081106,0,1.28947
160,168,0,1.58805,724,0.7238,0,-0.0608295,1,1.2521
161,169,0,1.59791,723,0.7232,-1,-0.0608295,-1,1.19603
162,169,1,1.60777,723,0.7228,0,-0.040553,1,1.12128
163,171,0,1.61764,722,0.7224,-1,-0.040553,-1,0.934401
164,172,0,1.6275,722,0.7222,0,-0.0202765,1,0.859649
165,173,0,1.63736,722,0.722,0,-0.0202765,0,0.710145
166,174,0,1.64723,722,0.722,0,0,0,0.598017
167,175,0,1.65709,722,0.722,0,0,0,0.429824
168,176,0,1.66695,722,0.722,0,0,0,0.317696
169,177,0,1.67682,722,0.722,0,0,0,0.0747521
170,178,0,1.68668,722,0.722,0,0,0,-0.261632
171,179,0,1.69655,722,0.722,0,0,0,-0.747521
172,180,0,1.70641,722,0.722,0,0,0,-1.13997
173,181,0,1.71627,722,0.722,0,0,0,-1.51373
174,182,0,1.72614,722,0.7218,0,-0.0202765,0,-1.85011
175,183,0,1.736,722,0.7212,0,-0.0608295,0,-1.94355
176,184,0,1.74586,721,0.7202,-1,-0.101382,-1,-1.90618
177,185,0,1.75573,719,0.719,-2,-0.121659,-1,-1.73799
178,186,0,1.76559,717,0.7176,-2,-0.141935,0,-1.43898
179,187,0,1.77545,716,0.716,-1,-0.162212,1,-1.00915
180,188,0,1.78532,715,0.7146,-1,-0.141935,0,-0.560641
181,189,0,1.79518,713,0.7132,-2,-0.141935,-1,-0.130816
182,190,0,1.80505,712,0.7118,-1,-0.141935,1,0.037376
183,191,0,1.81491,710,0.7104,-2,-0.141935,-1,0.224256
184,192,0,1.82477,709,0.709,-1,-0.141935,1,0.299008
185,193,0,1.83464,708,0.7076,-1,-0.141935,0,0.242944
186,194,0,1.8445,706,0.7064,-2,-0.121659,-1,0.261632
187,195,0,1.85436,705,0.705,-1,-0.141935,1,0.448512
188,196,0,1.86423,704,0.7038,-1,-0.121659,0,0.485888
189,197,0,1.87409,702,0.7026,-2,-0.121659,-1,0.579328
190,198,0,1.88395,702,0.7014,0,-0.121659,2,0.710145
191,199,0,1.89382,700,0.7002,-2,-0.121659,-2,0.766209
192,200,0,1.90368,699,0.6994,-1,-0.081106,1,0.766209
193,201,0,1.91355,698,0.6984,-1,-0.101382,0,0.710145
194,202,0,1.92341,698,0.6976,0,-0.081106,1,0.784897
195,203,0,1.93327,697,0.697,-1,-0.0608295,-1,0.691457
196,204,0,1.94314,696,0.6964,-1,-0.0608295,0,0.635392
197,205,0,1.953,696,0.6956,0,-0.081106,1,0.598016
198,206,0,1.96286,695,0.695,-1,-0.0608295,-1,0.691457
199,207,0,1.97273,694,0.6946,-1,-0.040553,0,0.616705
200,208,0,1.98259,694,0.694,0,-0.0608295,1,0.579328
201,209,0,1.99245,694,0.6936,0,-0.040553,0,0.598017
202,210,0,2.00232,693,0.6934,-1,-0.0202765,-1,0.579328
203,210,1,2.01218,693,0.6932,0,-0.0202765,1,0.411136
204,212,0,2.02205,693,0.693,0,-0.0202765,0,0.299008
205,213,0,2.03191,693,0.6928,0,-0.0202765,0,0.355072
206,214,0,2.04177,693,0.6926,0,-0.0202765,0,0.261632
207,215,0,2.05164,692,0.6924,-1,-0.0202765,-1,0.224256
208,216,0,2.0615,692,0.6922,0,-0.0202765,1,0.261632
209,217,0,2.07136,692,0.692,0,-0.0202765,0,0.28032
210,217,1,2.08123,692,0.692,0,0,0,0.28032
211,219,0,2.09109,692,0.692,0,0,0,0.261632
212,220,0,2.10095,692,0.692,0,0,0,0.224256
213,221,0,2.11082,692,0.692,0,0,0,0.168192
214,222,0,2.12068,692,0.692,0,0,0,0.0934401
215,223,0,2.13055,692,0.692,0,0,0,0
216,224,0,2.14041,692,0.692,0,0,0,0
217,225,0,2.15027,692,0.692,0,0,0,0
218,226,0,2.16014,692,0.692,0,0,0,0
219,227,0,2.17,692,0.692,0,0,0,0
